49
2026030100
2026021400
2025080900
2025080300
2025050300
2024120800
2024111000
2024110300
2024102000
2024082500
2024082400
2024081100
2024081000
2024072000
2024062300
2024050300
2024011400
2023122500
2023092400
2023090200
2023022300
2022112600
2022092500
2022090400
2022080600
2022051500
2022032700
2021022000
2020022400
2019122800
2019122100
2019110300
2019081000
2019060100
2019052600
2019051900
2019032400
2018122900
2018122200
2018120900
2018110300
2018080400
2018042900
2018042800
2018042100
2012080500
2010123000
2010112500
2010052900
