76
20270321
20261227
20260816
20260614
20260517
20260510
20260419
20260110
20251011
20241207
20240811
20240715
20240421
20240317
20240113
20231111
20231022
20231015
20230521
20230219
20221015
20221008
20220416
20210321
20200105
20191104
20191005
20190811
20190804
20190728
20190727
20190210
20190203
20190202
20190126
20181020
20180930
20180917
20180902
20180819
20180818
20180617
20180310
20180304
20180303
20180224
20180217
20171126
20171125
20171118
20171112
20171111
20171103
20171014
20170812
20170624
20170617
20170528
20170527
20170507
20170506
20170504
20170503
20161203
20161126
20161120
20161119
20161112
20161103
20161023
20161022
20161016
20161015
20161010
20160903
20160109
