106
20270207
20270110
20261012
20260906
20260830
20260814
20260811
20260809
20260705
20260620
20260524
20260523
20260211
20260208
20260207
20251220
20251214
20251124
20251116
20251115
20251019
20250920
20250915
20250816
20250719
20250629
20250511
20250406
20250405
20250330
20250125
20250111
20241228
20241117
20241110
20241014
20240922
20240915
20240815
20240518
20240420
20240310
20240309
20240224
20231223
20231216
20231123
20231029
20231014
20230910
20230717
20230520
20230503
20230429
20230401
20230312
20221228
20221218
20221210
20221202
20220821
20220313
20211211
20210704
20200215
20200103
20191214
20191124
20190815
20190519
20190518
20190504
20190503
20190331
20190323
20190309
20181222
20180909
20180815
20180725
20180708
20180602
20180512
20180415
20180408
20180318
20180225
20171009
20170815
20170812
20170730
20170726
20170226
20161120
20160820
20160814
20160710
20160709
20160619
20150906
20150705
20150329
20150325
20140920
20140914
20140622
20140215
20140209
20140208
20130526
20130519
20130506
20120815
20120714
20111119
20101116
20101015
20091103
